1143016
1143024
1143042
1143046
1143074
1143079
1143086
1143094
1143096
1143127
1143134
1143204
1143209
1143214
1143223
1143257
1143311
1143319
1143330
1143331
1143346
1143362
1143367
1143392
1143412
1143416
1143420
1143436
1143463
1143502
1143510
1143512
1143537
1143578
1143600
1143611
1143622
1143659
1143665
1143675
1143683
1143689
1143690
1143694
1143724
1143732
1143740
1143753
1143760
1143833
1143839
1143862
1143877
1143923
1143932
1143942
1143943
1143961
1143975
1144033
1144076
1144108
1144129
1144131
1144142
1144180
1144204
1144221
1144268
1144272
1144276
1144340
1144348
1144374
1144378
1144443
1144444
1144456
1144464
1144486
1144493
1144524
1144533
1144541
1144552
1144553
1144575
1144577
1144698
1144699
1144702
1144749
1144758
1144765
1144772
1144827
1144836
1144868
1144891
1144901
1144955
1144970
1144977
1145003
1145008
1145040
1145047
1145074
1145088
1145099
1145113
1145125
1145177
1145180
1145194
1145211
1145226
1145246
1145248
1145255
1145267
1145272
1145328
1145333
1145371
1145387
1145391
1145396
1145405
1145429
1145469
1145484
1145489
1145503
1145511
1145512
1145529
1145531
1145547
1145572
1145597
1145607
1145635
1145681
1145682
1145699
1145703
1145720
1145724
1145734
1145751
1145762
1145810
1145838
1145846
1145865
1145888
1145892
1145933
1145959
1145966
1145985
1146030
1146041
1146058
1146076
1146115
1146148
1146156
1146172
1146209
1146211
1146226
1146260
1146265
1146280
1146295
1146303
1146368
1146408
1146416
1146420
1146439
1146492
1146550
1146588
1146596
1146652
1146684
1146699
1146701
1146703
1146776
1146782
1146818
1146825
1146834
1146861
1146862
1146873
1146876
1146880
1146914
1146919
1146929
1146976
1146989
1147018
1147050
1147055
1147059
1147070
1147085
1147090
1147097
1147113
1147117
1147118
1147143
1147174
1147177
1147200
1147267
1147284
1147290
1147337
1147343
1147352
1147356
1147382
1147391
1147432
1147454
1147467
1147484
1147489
1147522
1147531
1147533
1147555
1147643
1147657
1147665
1147694
1147695
1147698
1147715
1147748
1147756
1147812
1147821
1147852
1147853
1147860
1147871
1147875
1147885
1147900
1147904
1147908
1147919
1147930
1147932
1147933
1147942
1147980
1148000
1148003
1148080
1148084
1148093
1148099
1148145
1148165
1148184
1148229
1148244
1148264
1148277
1148283
1148284
1148285
1148305
1148338
1148348
1148373
1148396
1148447
1148458
1148491
1148495
1148497
1148500
1148502
1148521
1148541
1148562
1148588
1148627
1148636
1148646
1148648
1148655
1148662
1148674
1148686
1148690
1148691
1148697
1148760
1148802
1148816
1148817
1148829
1148830
1148838
1148851
1148855
1148881
1148910
1148914
1148918
1148928
1148929
1148940
1148957
1148961
1148962
1148981
1148992
1149047
1149066
1149079
1149084
1149093
1149098
1149106
1149125
1149129
1149140
1149147
1149156
1149158
1149209
1149222
1149266
1149290
1149292
1149301
1149322
1149360
1149376
1149387
1149389
1149416
1149422
1149438
1149443
1149458
1149461
1149462
1149465
1149475
1149488
1149497
1149506
1149516
1149539
1149549
1149565
1149576
1149594
1149601
1149606
1149625
1149640
1149669
1149682
1149683
1149706
1149710
1149739
1149749
1149755
1149757
1149758
1149771
1149782
1149792
1149804
1149806
1149812
1149819
1149850
1149865
1149895
1149900
1149905
1149921
1149937
1149970
1150017
1150027
1150029
1150052
1150086
1150095
1150108
1150110
1150113
1150134
1150136
1150139
1150149
1150166
1150168
1150207
1150211
1150214
1150216
1150235
1150276
1150280
1150320
1150336
1150338
1150346
1150355
1150370
1150375
1150384
1150389
1150395
1150405
1150407
1150409
1150416
1150425
1150433
1150439
1150448
1150452
1150468
1150478
1150485
1150505
1150511
1150540
1150541
1150549
1150561
1150567
1150570
1150584
1150604
1150607
1150631
1150641
1150648
1150662
1150698
1150706
1150716
1150727
1150732
1150749
1150770
1150775
1150798
1150839
1150850
1150863
1150871
1150873
1150895
1150898
1150917
1150944
1150969
1150970
1150992
1150994
1151001
1151023
1151030
1151032
1151054
1151075
1151078
1151085
1151106
1151113
1151127
1151162
1151187
1151203
1151208
1151216
1151225
1151235
1151247
1151248
1151265
1151325
1151336
1151337
1151342
1151354
1151360
1151361
1151362
1151366
1151405
1151417
1151419
1151423
1151438
1151483
1151516
1151533
1151541
1151544
1151563
1151602
1151624
1151631
1151664
1151668
1151674
1151710
1151711
1151729
1151757
1151763
1151769
1151797
1151798
1151800
1151833
1151836
1151849
1151862
1151865
1151896
1151919
1151926
1151930
1151961
1151967
1151972
1152008
1152048
1152076
1152095
1152104
1152120
1152150
1152151
1152167
1152179
1152182
1152185
1152199
1152201
1152204
1152236
1152241
1152242
1152265
1152280
1152298
1152302
1152310
1152318
1152341
1152343
1152344
1152372
1152416
1152433
1152439
1152467
1152488
1152501
1152508
1152519
1152550
1152553
1152557
1152564
1152570
1152578
1152596
1152606
1152612
1152618
1152646
1152652
1152669
1152681
1152697
1152730
1152740
1152761
1152787
1152793
1152798
1152813
1152818
1152843
1152851
1152855
1152875
1152883
1152908
1152911
1152925
1152948
1152974
1152992
1152995
1153013
1153018
1153043
1153049
1153053
1153063
1153072
1153073
1153076
1153083
1153124
1153151
1153161
1153176
1153189
1153197
1153208
1153218
1153227
1153246
1153250
1153252
1153318
1153319
1153321
1153361
1153362
1153370
1153372
1153384
1153392
1153410
1153419
1153439
1153465
1153479
1153480
1153481
1153482
1153518
1153525
1153534
1153543
1153561
1153570
1153571
1153596
1153598
1153605
1153609
1153617
1153620
1153632
1153641
1153648
1153649
1153653
1153654
1153656
1153665
1153675
1153677
1153696
1153697
1153703
1153713
1153725
1153730
1153741
1153762
1153769
1153772
1153785
1153790
1153814
1153856
1153878
1153890
1153896
1153905
1153908
1153919
1153927
1153930
1153942
1153956
1153964
1153981
1154012
1154016
1154036
1154038
1154051
1154053
1154061
1154064
1154087
1154100
1154109
1154113
1154141
1154162
1154165
1154181
1154193
1154216
1154233
1154241
1154242
1154246
1154253
1154254
1154257
1154291
1154303
1154307
1154310
1154321
1154329
1154330
1154332
1154334
1154374
1154396
1154436
1154477
1154503
1154539
1154578
1154582
1154583
1154602
1154605
1154613
1154619
1154642
1154656
1154681
1154683
1154689
1154701
1154751
1154754
1154772
1154774
1154818
1154822
1154830
1154837
1154842
1154843
1154856
1154860
1154867
1154868
1154877
1154903
1154935
1154942
1154950
1154954
1154982
1155005
1155016
1155032
1155062
1155077
1155153
1155156
1155191
1155194
1155200
1155230
1155235
1155245
1155250
1155295
1155328
1155354
1155396
1155441
1155471
1155501
1155506
1155527
1155537
1155542
1155554
1155559
1155565
1155571
1155578
1155580
1155582
1155606
1155615
1155623
1155627
1155636
1155657
1155663
1155687
1155705
1155713
1155723
1155727
1155739
1155746
1155749
1155754
1155766
1155771
1155777
1155785
1155790
1155820
1155857
1155863
1155881
1155898
1155901
1155906
1155933
1155942
1155983
1155988
1155989
1156001
1156034
1156036
1156067
1156070
1156096
1156100
1156129
1156134
1156164
1156181
1156213
1156230
1156231
1156243
1156255
1156263
1156270
1156274
1156281
1156311
1156315
1156322
1156324
1156373
1156377
1156398
1156406
1156425
1156434
1156452
1156469
1156476
1156492
1156506
1156532
1156538
1156544
1156550
1156574
1156576
1156579
1156600
1156604
1156609
1156615
1156622
1156667
1156668
1156682
1156688
1156694
1156706
1156719
1156743
1156751
1156793
1156797
1156801
1156808
1156816
1156819
1156838
1156848
1156860
1156861
1156864
1156889
1156922
1156926
1156945
1156977
1157004
1157006
1157007
1157027
1157055
1157057
1157059
1157085
1157091
1157093
1157189
1157195
1157209
1157235
1157253
1157270
1157286
1157295
1157302
1157355
1157370
1157432
1157441
1157471
1157472
1157475
1157550
1157570
1157594
1157598
1157604
1157608
1157613
1157633
1157642
1157644
1157647
1157653
1157660
1157669
1157674
1157682
1157684
1157685
1157707
1157714
1157720
1157727
1157736
1157743
1157758
1157762
1157788
1157792
1157797
1157802
1157812
1157828
1157839
1157847
1157848
1157855
1157857
1157878
1157880
1157902
1157916
1157919
1157924
1157926
1157957
1157981
1158001
1158008
1158018
1158033
1158040
1158046
1158047
1158050
1158065
1158068
1158080
1158089
1158112
1158119
1158123
1158137
1158138
1158142
1158144
1158145
1158151
1158153
1158162
1158179
1158185
1158189
1158213
1158217
1158229
1158230
1158252
1158280
1158288
1158296
1158304
1158317
1158324
1158328
1158355
1158368
1158402
1158406
1158408
1158427
1158432
1158446
1158523
1158538
1158572
1158574
1158603
1158630
1158636
1158667
1158671
1158684
1158691
1158692
1158709
1158736
1158765
1158777
1158798
1158833
1158834
1158840
1158849
1158869
1158882
1158890
1158910
1158913
1158920
1158921
1158923
1158931
1158939
1158970
1158985
1158990
1159003
1159030
1159050
1159056
1159068
1159070
1159084
1159085
1159086
1159087
1159088
1159098
1159121
1159128
1159129
1159155
1159157
1159169
1159185
1159190
1159214
1159219
1159221
1159227
1159230
1159255
1159270
1159273
1159287
1159303
1159309
1159322
1159324
1159383
1159394
1159411
1159414
1159442
1159449
1159451
1159475
1159507
1159513
1159517
1159518
1159519
1159540
1159545
1159557
1159560
1159583
1159584
1159585
1159589
1159599
1159602
1159612
1159625
1159630
1159641
1159642
1159652
1159703
1159710
1159712
1159729
1159738
1159740
1159750
1159777
1159782
1159786
1159792
1159802
1159805
1159820
1159827
1159864
1159885
1159906
1159908
1159917
1159925
1159967
1159986
1159987
1159988
1160021
1160031
1160049
1160068
1160072
1160090
1160110
1160166
1160169
1160174
1160181
1160199
1160241
1160245
1160256
1160264
1160293
1160317
1160348
1160362
1160417
1160420
1160438
1160445
1160448
1160465
1160486
1160518
1160519
1160522
1160538
1160557
1160579
1160582
1160605
1160618
1160635
1160636
1160638
1160685
1160709
1160710
1160732
1160745
1160750
1160751
1160756
1160758
1160760
1160767
1160795
1160797
1160811
1160817
1160819
1160828
1160836
1160841
1160843
1160855
1160872
1160883
1160887
1160891
1160894
1160911
1160913
1160938
1160955
1160960
1160964
1160971
1160976
1160984
1160993
1160997
1161005
1161023
1161035
1161086
1161092
1161107
1161114
1161115
1161120
1161123
1161127
1161147
1161158
1161168
1161179
1161180
1161221
1161243
1161267
1161289
1161297
1161300
1161319
1161326
1161330
1161333
1161355
1161370
1161372
1161375
1161391
1161408
1161435
1161467
1161489
1161497
1161499
1161506
1161589
1161597
1161614
1161659
1161692
1161718
1161729
1161737
1161742
1161749
1161764
1161790
1161796
1161797
1161801
1161832
1161850
1161851
1161852
1161882
1161884
1161901
1161916
1161953
1161958
1161963
1161965
1161974
1161977
1161994
1161999
1162011
1162056
1162061
1162162
1162182
1162190
1162214
1162264
1162280
1162292
1162296
1162298
1162321
1162323
1162325
1162334
1162342
1162346
1162349
1162385
1162390
1162438
1162440
1162445
1162449
1162473
1162477
1162487
1162498
1162511
1162529
1162530
1162537
1162551
1162552
1162566
1162568
1162569
1162595
1162599
1162600
1162602
1162604
1162624
1162638
1162652
1162653
1162692
1162700
1162763
1162801
1162838
1162886
1162899
1162957
1162980
1162997
1163009
1163011
1163019
1163021
1163025
1163038
1163071
1163085
1163093
1163124
1163135
1163161
1163200
1163202
1163220
1163239
1163244
1163248
1163266
1163279
1163289
1163301
1163305
1163312
1163323
1163330
1163339
1163344
1163373
1163377
1163383
1163385
1163422
1163445
1163456
1163461
1163470
1163471
1163472
1163473
1163475
1163488
1163495
1163536
1163567
1163568
1163570
1163574
1163649
1163651
1163655
1163693
1163721
1163725
1163731
1163733
1163738
1163747
1163780
1163807
1163850
1163853
1163855
1163856
1163861
1163880
1163897
1163907
1163910
1163917
1163918
1163922
1163930
1163938
1163943
1163948
1163973
1163983
1164014
1164038
1164063
1164072
1164109
1164135
1164137
1164160
1164161
1164172
1164182
1164183
1164187
1164188
1164204
1164210
1164222
1164242
1164255
1164262
1164266
1164269
1164290
1164297
1164303
1164312
1164339
1164340
1164346
1164351
1164364
1164402
1164427
1164466
1164479
1164487
1164488
1164491
1164496
1164499
1164504
1164521
1164560
1164626
1164633
1164644
1164647
1164648
1164656
1164662
1164663
1164672
1164680
1164699
1164708
1164711
1164720
1164739
1164756
1164769
1164771
1164781
1164782
1164793
1164813
1164818
1164842
1164852
1164882
1164920
1164925
1164985
1164997
1165021
1165044
1165067
1165109
1165191
1165204
1165218
1165220
1165236
1165260
1165267
1165333
1165344
1165352
1165386
1165411
1165509
1165603
1165643
1165648
1165680
1165682
1165692
1165693
1165702
1165704
1165719
1165744
1165771
1165773
1165779
1165813
1165818
1165819
1165843
1165882
1165897
1165913
1165955
1165980
1165985
1166007
1166046
1166071
1166087
1166110
1166117
1166145
1166149
1166151
1166159
1166170
1166171
1166222
1166234
1166258
1166272
1166275
1166291
1166313
1166314
1166342
1166378
1166403
1166404
1166425
1166435
1166455
1166466
1166504
1166516
1166525
1166528
1166533
1166553
1166557
1166580
1166585
1166588
1166627
1166649
1166666
1166731
1166733
1166810
1166824
1166828
1166842
1166848
1166859
1166883
1166897
1166903
1166930
1166938
1166995
1166999
1167001
1167010
1167032
1167047
1167081
1167093
1167102
1167114
1167115
1167128
1167145
1167147
1167149
1167163
1167172
1167204
1167205
1167246
1167255
1167273
1167279
1167294
1167312
1167316
1167333
1167336
1167339
1167352
1167415
1167419
1167495
1167507
1167509
1167533
1167552
1167555
1167571
1167572
1167578
1167601
1167602
1167607
1167622
1167623
1167634
1167673
1167685
1167707
1167720
1167733
1167742
1167750
1167761
1167769
1167792
1167793
1167814
1167820
1167825
1167839
1167852
1167860
1167875
1167883
1167910
1167916
1167958
1167972
1167974
1167997
1168006
1168015
1168080
1168087
1168090
1168091
1168093
1168102
1168105
1168107
1168117
1168119
1168120
1168122
1168125
1168132
1168169
1168192
1168221
1168263
1168266
1168295
1168299
1168304
1168308
1168315
1168345
1168359
1168368
1168384
1168403
1168408
1168411
1168422
1168430
1168437
1168441
1168443
1168449
1168473
1168479
1168484
1168524
1168531
1168533
1168555
1168560
1168572
1168588
1168600
1168609
1168631
1168635
1168656
1168664
1168672
1168674
1168681
1168697
1168698
1168699
1168700
1168711
1168736
1168744
1168752
1168753
1168756
1168778
1168781
1168783
1168790
1168792
1168806
1168839
1168874
1168890
1168897
1168918
1168930
1168939
1168942
1168943
1168950
1168958
1168964
1168995
1169006
1169010
1169033
1169045
1169048
1169051
1169053
1169084
1169085
1169101
1169105
1169107
1169154
1169163
1169164
1169169
1169177
1169180
1169185
1169186
1169228
1169234
1169236
1169258
1169274
1169314
1169326
1169329
1169338
1169339
1169340
1169357
1169366
1169372
1169382
1169402
1169409
1169411
1169455
1169474
1169481
1169491
1169510
1169527
1169575
1169580
1169581
1169587
1169588
1169600
1169605
1169620
1169629
1169632
1169636
1169641
1169642
1169645
1169647
1169649
1169663
1169701
1169702
1169705
1169722
1169751
1169763
1169774
1169798
1169801
1169808
1169829
1169831
1169834
1169836
1169840
1169846
1169882
1169883
1169909
1169922
1169951
1169957
1169961
1169978
1169984
1169985
1170009
1170041
1170046
1170047
1170052
1170054
1170065
1170068
1170083
1170087
1170114
1170128
1170155
1170164
1170170
1170180
1170186
1170192
1170200
1170245
1170246
1170247
1170248
1170257
1170259
1170268
1170277
1170291
1170295
1170297
1170311
1170326
1170349
1170356
1170358
1170360
1170372
1170373
1170374
1170379
1170391
1170402
1170422
1170423
1170429
1170430
1170434
1170446
1170485
1170497
1170499
1170506
1170520
1170532
1170535
1170536
1170541
1170547
1170551
1170552
1170567
1170585
1170603
1170609
1170625
1170634
1170649
1170652
1170658
1170661
1170662
1170672
1170695
1170720
1170721
1170723
1170769
1170770
1170778
1170784
1170800
1170810
1170819
1170827
1170833
1170836
1170840
1170854
1170863
1170872
1170874
1170876
1170878
1170940
1170949
1170950
1170951
1170965
1170983
1170986
1170988
1170992
1171000
1171001
1171021
1171023
1171031
1171035
1171041
1171052
1171059
1171067
1171117
1171118
1171123
1171129
1171143
1171159
1171160
1171178
1171186
1171187
1171188
1171199
1171203
1171215
1171217
1171238
1171252
1171263
1171276
1171298
1171314
1171342
1171343
1171345
1171352
1171367
1171371
1171381
1171426
1171431
1171437
1171450
1171454
1171461
1171465
1171468
1171490
1171499
1171508
1171517
1171518
1171521
1171553
1171554
1171563
1171565
1171569
1171587
1171592
1171603
1171604
1171609
1171630
1171642
1171654
1171684
1171697
1171715
1171731
1171756
1171765
1171788
1171790
1171812
1171817
1171822
1171838
1171857
1171869
1171879
1171880
1171910
1171917
1171955
1171958
1171962
1171983
1171994
1171999
1172010
1172012
1172018
1172019
1172031
1172055
1172059
1172073
1172111
1172116
1172127
1172134
1172162
1172180
1172223
1172281
1172285
1172303
1172308
1172336
1172374
1172382
1172393
1172407
1172413
1172443
1172482
1172502
1172535
1172605
1172615
1172630
1172654
1172664
1172677
1172699
1172701
1172702
1172708
1172709
1172725
1172733
1172735
1172770
1172774
1172792
1172845
1172848
1172864
1172899
1172910
1172927
1172976
1172984
1172997
1173010
1173040
1173046
1173068
1173086
1173128
1173141
1173143
1173146
1173174
1173178
1173181
1173189
1173211
1173222
1173230
1173237
1173241
1173272
1173324
1173347
1173363
1173370
1173390
1173391
1173410
1173425
1173434
1173439
1173456
1173474
1173477
1173481
1173510
1173515
1173521
1173528
1173537
1173558
1173566
1173588
1173590
1173597
1173615
1173617
1173638
1173649
1173650
1173654
1173658
1173668
1173694
1173697
1173709
1173728
1173786
1173795
1173823
1173833
1173856
1173874
1173883
1173890
1173892
1173902
1173904
1173928
1173931
1173945
1173951
1173989
1174021
1174023
1174034
1174035
1174051
1174053
1174057
1174071
1174072
1174074
1174082
1174103
1174120
1174145
1174154
1174164
1174174
1174196
1174230
1174232
1174233
1174247
1174272
1174275
1174282
1174285
1174292
1174299
1174305
1174327
1174329
1174338
1174343
1174351
1174356
1174393
1174401
1174414
1174423
1174427
1174436
1174445
1174469
1174497
1174507
1174523
1174528
1174531
1174552
1174556
1174566
1174567
1174571
1174573
1174578
1174585
1174587
1174592
1174602
1174611
1174613
1174621
1174631
1174632
1174633
1174636
1174638
1174640
1174661
1174669
1174671
1174676
1174696
1174699
1174714
1174724
1174755
1174762
1174767
1174773
1174774
1174789
1174791
1174799
1174806
1174829
1174844
1174847
1174849
1174854
1174863
1174882
1174885
1174886
1174893
1174911
1174914
1174942
1174943
1174952
1174955
1174988
1175018
1175027
1175064
1175080
1175087
1175105
1175106
1175123
1175136
1175139
1175163
1175173
1175175
1175181
1175195
1175212
1175220
1175221
1175228
1175275
1175291
1175296
1175307
1175314
1175322
1175339
1175353
1175357
1175358
1175370
1175371
1175398
1175406
1175422
1175432
1175442
1175450
1175480
1175491
1175496
1175499
1175509
1175522
1175523
1175563
1175590
1175593
1175598
1175602
1175607
1175621
1175700
1175709
1175714
1175716
1175719
1175724
1175742
1175754
1175761
1175762
1175768
1175772
1175779
1175786
1175820
1175831
1175837
1175838
1175840
1175854
1175858
1175876
1175899
1175909
1175926
1175931
1175937
1175938
1175940
1175951
1175952
1175956
1175962
1175979
1175985
1175991
1176007
1176017
1176029
1176035
1176050
1176077
1176080
1176100
1176135
1176136
1176157
1176174
1176187
1176207
1176219
1176233
1176240
1176276
1176278
1176281
1176294
1176331
1176377
1176387
1176389
1176393
1176396
1176411
1176415
1176446
1176473
1176482
1176508
1176513
1176515
1176537
1176543
1176551
1176564
1176565
1176575
1176596
1176600
1176609
1176638
1176676
1176705
1176717
1176719
1176743
1176746
1176755
1176756
1176764
1176766
1176786
1176794
1176802
1176807
1176866
1176879
1176887
1176896
1176912
1176924
1176938
1176944
1176954
1176955
1176988
1176991
1176995
1177004
1177015
1177024
1177042
1177044
1177047
1177055
1177065
1177078
1177091
1177109
1177120
1177129
1177138
1177140
1177162
1177165
1177197
1177202
1177219
1177251
1177258
1177289
1177307
1177311
1177327
1177351
1177359
1177377
1177380
1177395
1177398
1177403
1177426
1177450
1177486
1177499
1177505
1177511
1177513
1177530
1177578
1177579
1177613
1177629
1177647
1177648
1177664
1177685
1177709
1177752
1177767
1177784
1177796
1177801
1177835
1177839
1177844
1177851
1177862
1177864
1177870
1177890
1177905
1177918
1177931
1177963
1177991
1177994
1178004
1178013
1178014
1178017
1178025
1178082
1178103
1178118
1178141
1178151
1178157
1178235
1178264
1178282
1178288
1178295
1178296
1178300
1178303
1178314
1178316
1178318
1178319
1178326
1178332
1178345
1178347
1178358
1178371
1178386
1178406
1178414
1178430
1178457
1178461
1178503
1178508
1178517
1178555
1178560
1178580
1178592
1178608
1178627
1178628
1178657
1178670
1178672
1178676
1178725
1178775
1178779
1178781
1178787
1178795
1178803
1178816
1178854
1178887
1178892
1178895
1178901
1178917
1178934
1178935
1178946
1178954
1178979
1178980
1179002
1179015
1179023
1179052
1179071
1179078
1179103
1179119
1179124
1179138
1179140
1179146
1179147
1179157
1179168
1179170
1179195
1179211
1179228
1179239
1179242
1179245
1179261
1179263
1179266
1179278
1179280
1179298
1179304
1179305
1179307
1179314
1179328
1179347
1179364
1179400
1179413
1179430
1179438
1179492
1179503
1179509
1179544
1179559
1179561
1179563
1179568
1179584
1179585
1179586
1179622
1179638
1179647
1179654
1179659
1179665
1179679
1179725
1179741
1179744
1179746
1179748
1179749
1179786
1179801
1179828
1179836
1179852
1179853
1179855
1179873
1179886
1179905
1179910
1179912
1179913
1179970
1179986
1180004
1180034
1180049
1180055
1180057
1180084
1180100
1180105
1180111
1180114
1180137
1180156
1180186
1180196
1180201
1180208
1180219
1180228
1180271
1180272
1180276
1180282
1180283
1180292
1180297
1180329
1180331
1180334
1180354
1180357
1180374
1180399
1180401
1180412
1180417
1180422
1180466
1180481
1180509
1180513
1180523
1180551
1180620
1180623
1180626
1180633
1180645
1180656
1180686
1180748
1180764
1180765
1180792
1180793
1180806
1180808
1180810
1180811
1180817
1180831
1180834
1180844
1180846
1180900
1180903
1180904
1180911
1180940
1180950
1180991
1181035
1181099
1181125
1181129
1181130
1181142
1181146
1181153
1181154
1181162
1181165
1181167
1181170
1181198
1181214
1181233
1181241
1181243
1181254
1181262
1181277
1181295
1181327
1181353
1181362
1181404
1181423
1181438
1181462
1181467
1181479
1181493
1181497
1181510
1181515
1181521
1181531
1181544
1181555
1181593
1181597
1181603
1181604
1181609
1181631
1181663
1181674
1181690
1181704
1181746
1181748
1181775
1181847
1181872
1181884
1181886
1181900
1181943
1181947
1181959
1181977
1181994
1182017
1182026
1182038
1182055
1182114
1182129
1182149
1182159
1182169
1182196
1182205
1182207
1182210
1182216
1182228
1182246
1182262
1182268
1182283
1182290
1182328
1182334
1182345
1182377
1182379
1182390
1182398
1182401
1182407
1182412
1182418
1182435
1182451
1182456
1182457
1182460
1182465
1182474
1182478
1182494
1182496
1182506
1182557
1182560
1182586
1182603
1182650
1182673
1182682
1182697
1182727
1182735
1182835
1182891
1182896
1182900
1182915
1182918
1183029
1183031
1183047
1183095
1183110
1183111
1183113
1183125
1183154
1183156
1183190
1183191
1183214
1183241
1183271
1183289
1183303
1183308
1183311
1183341
1183349
1183362
1183375
1183384
1183419
1183449
1183452
1183453
1183467
1183507
1183556
1183557
1183575
1183578
1183620
1183636
1183644
1183651
1183667
1183686
1183691
1183718
1183727
1183819
1183821
1183822
1183830
1183899
1183908
1183918
1184026
1184094
1184100
1184101
1184126
1184140
1184141
1184163
1184177
1184196
1184197
1184226
1184240
1184244
1184246
1184256
1184270
1184307
1184311
1184314
1184325
1184338
1184414
1184417
1184425
1184437
1184453
1184461
1184467
1184537
1184538
1184544
1184576
1184599
1184648
1184650
1184680
1184707
1184721
1184752
1184777
1184787
1184801
1184816
1184820
1184939
1184944
1184953
1184973
1184974
1185008
1185024
1185104
1185110
1185115
1185126
1185129
1185149
1185223
1185224
1185243
1185256
1185260
1185275
1185299
1185314
1185318
1185332
1185333
1185338
1185350
1185421
1185425
1185432
1185453
1185462
1185469
1185500
1185564
1185576
1185584
1185615
1185619
1185645
1185654
1185675
1185708
1185734
1185741
1185778
1185793
1185852
1185857
1185887
1185900
1185918
1185929
1185948
1185979
1186026
1186050
1186058
1186068
1186093
1186117
1186130
1186132
1186189
1186198
1186227
1186242
1186254
1186257
1186266
1186300
1186370
1186396
1186417
1186418
1186422
1186455
1186457
1186496
1186565
1186574
1186577
1186579
1186604
1186628
1186638
1186641
1186653
1186683
1186685
1186695
1186706
1186707
1186715
1186721
1186728
1186741
1186748
1186751
1186755
1186791
1186793
1186817
1186885
1186891
1186971
1186973
1186991
1187008
1187024
1187032
1187042
1187043
1187046
1187049
1187056
1187086
1187089
1187101
1187109
1187175
1187202
1187217
1187248
1187281
1187304
1187313
1187316
1187334
1187349
1187353
1187354
1187367
1187380
1187408
1187409
1187410
1187437
1187479
1187506
1187533
1187555
1187601
1187605
1187616
1187671
1187679
1187681
1187708
1187724
1187735
1187757
1187760
1187775
1187820
1187829
1187867
1187895
1187948
1187972
1187995
1188029
1188048
1188057
1188070
1188081
1188085
1188089
1188098
1188111
1188112
1188121
1188226
1188250
1188256
1188275
1188288
1188304
1188323
1188347
1188351
1188363
1188364
1188371
1188382
1188413
1188419
1188426
1188437
1188442
1188450
1188454
1188472
1188521
1188537
1188541
1188545
1188579
1188588
1188641
1188657
1188682
1188697
1188704
1188731
1188767
1188771
1188797
1188802
1188807
1188812
1188853
1188855
1188876
1188896
1188907
1188908
1188920
1188955
1189024
1189028
1189061
1189080
1189109
1189167
1189199
1189202
1189205
1189234
1189254
1189261
1189290
1189291
1189349
1189352
1189354
1189372
1189377
1189378
1189394
1189423
1189431
1189436
1189442
1189451
1189453
1189483
1189494
1189497
1189510
1189520
1189562
1189565
1189595
1189600
1189603
1189624
1189625
1189642
1189677
1189679
1189717
1189751
1189758
1189764
1189767
1189768
1189797
1189798
1189802
1189807
1189808
1189813
1189820
1189821
1189824
1189826
1189859
1189874
1189900
1189916
1189959
1189960
1189976
1190050
1190101
1190128
1190154
1190193
1190206
1190227
1190248
1190269
1190272
1190276
1190286
1190288
1190298
1190323
1190326
1190327
1190366
1190381
1190391
1190422
1190433
1190448
1190475
1190499
1190506
1190542
1190556
1190559
1190561
1190582
1190586
1190588
1190643
1190676
1190688
1190701
1190703
1190724
1190733
1190738
1190740
1190746
1190770
1190772
1190779
1190785
1190788
1190792
1190793
1190823
1190826
1190832
1190847
1190850
1190888
1190903
1190910
1190913
1190920
1190921
1190935
1190948
1190955
1190959
1190968
1190980
1191005
1191012
1191016
1191017
1191040
1191049
1191061
1191093
1191099
1191108
1191134
1191149
1191152
1191156
1191168
1191191
1191195
1191218
1191229
1191235
1191242
1191251
1191288
1191289
1191294
1191296
1191299
1191314
1191326
1191401
1191411
1191425
1191427
1191431
1191461
1191463
1191475
1191481
1191499
1191527
1191539
1191544
1191547
1191551
1191556
1191572
1191575
1191589
1191593
1191594
1191596
1191605
1191613
1191617
1191644
1191650
1191652
1191653
1191654
1191655
1191656
1191676
1191699
1191709
1191720
1191721
1191725
1191758
1191760
1191766
1191770
1191774
1191776
1191800
1191812
1191817
1191822
1191848
1191853
1191864
1191865
1191892
1191893
1191933
1191991
1191997
1192002
1192016
1192065
1192094
1192114
1192122
1192158
1192167
1192192
1192209
1192211
1192218
1192230
1192232
1192234
1192247
1192249
1192253
1192256
1192274
1192293
1192301
1192303
1192308
1192324
1192331
1192344
1192345
1192352
1192354
1192360
1192364
1192385
1192393
1192441
1192443
1192444
1192454
1192472
1192478
1192483
1192486
1192496
1192499
1192501
1192503
1192508
1192514
1192529
1192537
1192570
1192582
1192620
1192647
1192703
1192810
1192838
1192850
1192863
1192869
1192879
1192880
1192894
1192905
1192908
1192931
1192947
1192948
1192966
1192977
1192988
1192992
1193006
1193019
1193029
1193045
1193048
1193050
1193055
1193058
1193063
1193073
1193091
1193106
1193109
1193195
1193229
1193232
1193233
1193246
1193256
1193298
1193316
1193350
1193363
1193377
1193413
1193439
1193443
1193450
1193479
1193480
1193516
1193565
1193567
1193577
1193584
1193619
1193639
1193655
1193663
1193668
1193673
1193686
1193720
1193723
1193729
1193744
1193747
1193753
1193773
1193801
1193824
1193861
1193905
1193913
1193918
1193946
1193973
1193977
1193981
1194007
1194021
1194070
1194073
1194078
1194129
1194138
1194176
1194177
1194186
1194199
1194247
1194248
1194254
1194270
1194285
1194293
1194300
1194335
1194341
1194344
1194355
1194367
1194389
1194397
1194404
1194409
1194411
1194421
1194450
1194452
1194458
1194472
1194473
1194486
1194507
1194531
1194545
1194630
1194638
1194644
1194652
1194665
1194675
1194694
1194732
1194769
1194770
1194774
1194801
1194826
1194838
1194871
1194932
1194935
1194937
1194982
1194997
1195022
1195034
1195077
1195115
1195118
1195151
1195158
1195159
1195175
1195192
1195195
1195200
1195205
1195210
1195261
1195268
1195289
1195314
1195331
1195337
1195338
1195356
1195363
1195389
1195414
1195436
1195445
1195449
1195469
1195477
1195482
1195503
1195510
1195534
1195537
1195568
1195575
1195603
1195635
1195638
1195653
1195656
1195663
1195674
1195700
1195703
1195734
1195735
1195737
1195748
1195754
1195773
1195825
1195826
1195827
1195834
1195844
1195845
1195872
1195884
1195894
1195900
1195902
1195909
1195925
1195945
1195988
1196007
1196008
1196013
1196035
1196036
1196037
1196082
1196088
1196089
1196121
1196130
1196150
1196161
1196163
1196169
1196174
1196192
1196204
1196206
1196214
1196235
1196236
1196267
1196268
1196272
1196284
1196297
1196298
1196299
1196300
1196301
1196302
1196304
1196323
1196342
1196350
1196353
1196381
1196392
1196417
1196427
1196428
1196430
1196451
1196488
1196491
1196539
1196543
1196550
1196568
1196571
1196576
1196579
1196610
1196658
1196683
1196701
1196720
1196722
1196759
1196766
1196831
1196875
1196886
1196905
1196919
1196934
1196947
1196956
1196969
1197028
1197039
1197040
1197044
1197086
1197090
1197134
1197161
1197197
1197222
1197224
1197225
1197239
1197256
1197257
1197314
1197319
1197336
1197351
1197365
1197368
1197375
1197389
1197396
1197416
1197431
1197442
1197458
1197463
1197485
1197529
1197546
1197555
1197591
1197592
1197602
1197627
1197642
1197654
1197658
1197688
1197693
1197694
1197699
1197701
1197711
1197715
1197719
1197722
1197738
1197745
1197783
1197820
1197836
1197837
1197844
1197861
1197904
1197905
1197906
1197921
1197952
1198031
1198032
1198047
1198062
1198099
1198105
1198158
1198159
1198161
1198162
1198167
1198191
1198197
1198218
1198222
1198224
1198225
1198226
1198227
1198238
1198245
1198263
1198266
1198279
1198292
1198308
1198316
1198321
1198323
1198329
1198356
1198388
1198403
1198414
1198443
1198451
1198457
1198469
1198480
1198485
1198504
1198509
1198527
1198544
1198564
1198566
1198584
1198587
1198633
1198652
1198655
1198684
1198685
1198723
1198735
1198748
1198753
1198757
1198762
1198768
1198793
1198805
1198829
1198831
1198834
1198835
1198840
1198842
1198844
1198856
1198858
1198863
1198865
1198883
1198911
1198916
1198917
1198946
1198951
1198962
1199011
1199013
1199014
1199053
1199055
1199058
1199076
1199084
1199097
1199102
1199106
1199148
1199150
1199168
1199208
1199213
1199217
1199222
1199225
1199230
1199246
1199250
1199266
1199272
1199273
1199281
1199282
1199286
1199294
1199304
1199314
1199318
1199347
1199348
1199382
1199384
1199395
1199396
1199402
1199425
1199428
1199430
1199500
1199530
1199533
1199570
1199573
1199582
1199602
1199604
1199606
1199607
1199618
1199622
1199624
1199633
1199634
1199635
1199636
1199637
1199638
1199650
1199658
1199661
1199665
1199685
1199700
1199701
1199703
1199706
1199707
1199708
1199709
1199710
1199711
1199712
1199713
1199714
1199715
1199716
1199717
1199718
1199720
1199722
1199723
1199729
1199733
1199741
1199745
1199748
1199750
1199779
1199782
1199788
1199793
1199795
1199836
1199854
1199861
1199867
1199868
1199869
1199881
1199909
1199915
1199934
1199940
1199947
1199951
1199952
1199970
1199988
1200015
1200048
1200051
1200053
1200068
1200074
1200088
1200091
1200106
1200111
1200114
1200118
1200128
1200133
1200146
1200147
1200163
1200166
1200196
1200226
1200229
1200280
1200283
1200301
1200303
1200306
1200308
1200313
1200320
1200323
1200330
1200331
1200336
1200362
1200383
1200406
1200409
1200413
1200433
1200435
1200464
1200472
1200477
1200479
1200485
1200494
1200500
1200523
1200526
1200539
1200543
1200544
1200549
1200553
1200560
1200571
1200579
1200583
1200586
1200593
1200604
1200611
1200619
1200634
1200643
1200694
1200699
1200716
1200718
1200719
1200733
1200772
1200777
1200787
1200806
1200812
1200813
1200819
1200823
1200827
1200834
1200853
1200861
1200865
1200868
1200875
1200876
1200893
1200901
1200906
1200919
1200925
1200930
1200933
1200949
1200976
1200979
1200987
1200994
1200999
1201027
1201044
1201050
1201059
1201067
1201068
1201070
1201079
1201098
1201100
1201110
1201112
1201126
1201146
1201156
1201159
1201178
1201192
1201214
1201219
1201273
1201284
1201298
1201301
1201318
1201343
1201362
1201367
1201371
1201379
1201381
1201384
1201385
1201420
1201433
1201438
1201444
1201447
1201454
1201474
1201506
1201533
1201556
1201614
1201637
1201646
1201655
1201676
1201691
1201720
1201728
1201731
1201739
1201745
1201800
1201802
1201811
1201822
1201838
1201842
1201861
1201871
1201886
1201897
1201902
1201919
1201923
1201967
1201976
1201984
1201985
1201986
1201991
1201995
1202030
1202043
1202046
1202049
1202084
1202086
1202088
1202101
1202135
1202138
1202161
1202162
1202163
1202164
1202183
1202190
1202223
1202254
1202265
1202271
1202274
1202284
1202297
1202305
1202307
1202315
1202342
1202347
1202357
1202364
1202391
1202403
1202417
1202449
1202451
1202466
1202473
1202478
1202497
1202520
1202561
1202568
1202577
1202594
1202620
1202660
1202686
1202705
1202730
1202751
1202753
1202759
1202761
1202775
1202780
1202788
1202795
1202797
1202808
1202843
1202872
1202879
1202892
1202894
1202908
1202963
1203019
1203022
1203028
1203029
1203047
1203049
1203061
1203063
1203082
1203090
1203093
1203109
1203118
1203122
1203126
1203129
1203132
1203140
1203143
1203154
1203166
1203176
1203206
1203225
1203245
1203254
1203269
1203287
1203290
1203297
1203300
1203302
1203308
1203312
1203345
1203361
1203373
1203375
1203382
1203385
1203388
1203401
1203410
1203465
1203469
1203470
1203476
1203492
1203498
1203504
1203529
1203530
1203534
1203551
1203564
1203571
1203592
1203605
1203608
1203629
1203631
1203632
1203634
1203635
1203653
1203671
1203683
1203694
1203698
1203714
1203715
1203756
1203804
1203805
1203811
1203838
1203855
1203860
1203867
1203872
1203874
1203880
1203884
1203891
1203919
1203924
1203945
1203947
1203955
1203958
1203963
1203965
1203971
1203992
1204002
1204006
1204007
1204034
1204045
1204049
1204066
1204079
1204086
1204119
1204121
1204127
1204128
1204129
1204142
1204167
1204198
1204199
1204208
1204225
1204228
1204230
1204241
1204246
1204255
1204278
1204279
1204291
1204292
1204302
1204305
1204313
1204319
1204348
1204356
1204358
1204359
1204387
1204392
1204394
1204398
1204411
1204419
1204423
1204431
1204438
1204457
1204488
1204491
1204492
1204505
1204551
1204555
1204577
1204582
1204583
1204584
1204595
1204612
1204616
1204632
1204633
1204649
1204665
1204672
1204683
1204696
1204730
1204745
1204765
1204777
1204781
1204783
1204795
1204844
1204858
1204867
1204877
1204885
1204893
1204906
1204907
1204933
1204944
1204947
1204963
1204992
1204997
1205002
1205003
1205005
1205008
1205046
1205048
1205063
1205065
1205075
1205076
1205119
1205126
1205130
1205147
1205183
1205200
1205217
1205249
1205250
1205293
1205303
1205304
1205316
1205319
1205322
1205368
1205404
1205419
1205424
1205435
1205438
1205441
1205465
1205488
1205498
1205503
1205504
1205508
1205518
1205533
1205551
1205555
1205566
1205573
1205597
1205604
1205605
1205632
1205636
1205664
1205703
1205704
1205713
1205740
1205759
1205769
1205788
1205792
1205798
1205819
1205822
1205838
1205843
1205845
1205850
1205856
1205857
1205859
1205864
1205868
1205869
1205872
1205890
1205897
1205899
1205902
1205912
1205915
1205934
1205942
1205943
1205953
1205973
1205986
1205991
1206013
1206058
1206059
1206068
1206083
1206139
1206140
1206146
1206153
1206177
1206197
1206206
1206218
1206228
1206230
1206234
1206250
1206302
1206310
1206311
1206320
1206345
1206349
1206360
1206363
1206374
1206382
1206383
1206388
1206423
1206435
1206437
1206446
1206465
1206486
1206493
